1381 軟體工程開發實務 3 true 3 41 42 43
1384 大三英文 2 false 2 53 54
1385 作業系統(一) 3 false 3 45 46 58
1386 微處理機系統 3 false 3 47 60 61
1387 微處理機系統實習 1 false 3 50 51 52
1393 網路程式設計 2 true 2 19 20
1394 網路程式設計實習 1 true 2 48 49
1400 軟體測試 3 true 3 8 22 23
1401 資料探勘導論 3 true 3 3 4 32
1402 資料科學實務 3 true 3 32 33 34
1403 數位影像處理 3 true 3 21 32 33
1404 寬頻網路 3 true 3 9 32 33
1405 編譯器 3 true 3 3 4 20
1406 資訊與網路安全 3 true 3 37 38 39
2972 人生哲學 2 true 2 45 46
2978 詩詞欣賞 2 true 2 32 33
2995 音樂與人生 2 true 2 6 7
3000 應用文 	2 true 2 19 20
3018 土地關懷之旅 2 true 2 29 30
0312 行銷管理 2 false 2 19 20
0313 投資學 3 false 3 28 29 20
0314 金融倫理 2 false 2 55 56
0315 財務報表分析 3 false 3 2 3 4
0320 大陸金融與經濟分析 3 true 3 11 12 13
0321 固定收益型有價證券 3 true 3 24 25 26
0322 金融市場 3 true 3 41 42 43
0323 財富管理 3 true 3 21 22 23
0324 綠色金融 3 true 3 37 38 39